218599506
218535815
218836775
218887976
218725606
218659334
208719122
218659789
218677336
216876229
218524322
218883322
207426992
218764415
218741835
218483545
208629768
218625905
216970162
214285662
218844316
218836627
218817031
218764498
218889188
218886077
218795096
218887968
218618462
206487953
218629170
218888115
214791461
218511972
218725598
202037109
216638389
217503418
218485516
218644930
892474238
218772640
218829754
218827048
219008184
218494484
210910768
218508572
218629360
218531632
202934081
218497073
218998690
219050830
219081025
219084482
206069066
218813097
218495630
210866697
218466102
218725895
219050855
218478164
202914836
219094838
219077031
219088475
219084631
219073451
213055215
219090034
218891135
218888107
218889543
219096205
219091925
214300966
219088525
215833569
219084383
219085026
218893081
218774190
219085075
302259
210420537
209413519
219002377
